810679524370528536419731370363655249533742762523163315168121090591762547911734349995905648448072603
1162917190416697918668250930349265956565802692109652096541178730798565592810529910622266743217
8552961823509024409833306362435473290871875355330734637301746495943964007387863574913408539014280
77485319609968090248331219810551399886216814589317789851264870724980566287975705588142007
48302120059037652103372933837957746694678237992353191881567318387657316357062142606522097735199
8484332559789675432446739718018583166199188715659617591660034545953384659767548041583575776295694741
50359819314984315928165109762553258695118553133503862156368659430682571632574433037460521536465490
52546915456059635733983863635173728622885241090249319871769426235848391291282715730394781549113
2854426320806668536768933119567940724777962195023352444955295221397465521955881231335241101754180158
338989096827102952801151683097179407035945842542514309969823566249469463622620880752286679996430
569425895166067121784780636457623501023074039360781575686056549967656252163757499217853848385285834
9401519049789335196917206924469729285962605192596947933561065731021109332167494534901249255747475057
307471771196318198167267574421944964058051034193237008354949137480963124164789380016240999497155359
39163763874970958888630422729691177929242783
979486671344929511478896022439647317634518694853294927208022995312116458955435968000482483172347206
6312550107961381076416699527149758282580258762611035164209004480662188574107244841458985616910975653
7073744950456975911755341918706434035795728992072928304744794739542087796575784170574441654444846247
2485682149604699258260158840287599567764547057344522901694387913756068764682817614411470225542224828
8837271788196821514797805606847350312719809956711875972916411332863607988858684480531139895771311
2587596575810899945297827588649534091326656186148153431335528874229620578735306672468553229477699473
2052673277852325513671570256081532656275952688788043695612964806384109989529179590698202281731948941
653428217647100310495613678322185504449379391585833699482607865259621344359533788382219
5353949066960567773727787921338548814634306666607762367622404800355835441323834936177641849899993247
1705970831812858753671761145371296048579333235635680452647458234435099954002627686118693621326264001
928321391723828189125536463878911531250263513243826420571583695344634751608270767780185201597623251
8917446909813097430885624976207989422905604342785652229668136092244998104151314357004723734217217884
233821045983227108863993733294377934771152269458495775986338690010748265592432606495183328757742
8398278249520674749580207596059623591954401835704954057634698091998678871563681804244437262330
6982842184629664774069360746291342870911701705449080536174864908784429339004513258391457323067780330
370584583813492879188698963088112526529490142861109224252181151479135179925284143277813415579
5617835325317848972891481282185631891916741916473640325279495974864040352733399138692750466075016272
733784813280767840596224738355123407813096518209929849540646759725099341531173424054237639643668771
1677119334911013540755785742939243251105456836392323107502365357571862421991804654556477243748263126
25878781869540192090448878625960351446493988733539307860991977995006404457029553613827487952
459757177763288627943311528933858323932990099051869525
2394357783212192214453986981767162561597723607815461015991931945049528272046464445739628103309865274
85770646166175023781763614360838690847091850113580196484268748740108813850015303058860470815
179874889133374147446509057982668784675126107882489284361120751135244837535932596031974364578120379
69527363272251311443380421299744352507017551739065246292557420562282572884687941243570065868928380
76728918962919360835780738899598849932468592105525778452278225112888165836379319317670162094
2363026178712338704073620774098691323630779544687528083490254874827401436507763017135616763336849049
308891475565706608324695972050409119597960994756282050019313803049656055030664421518721310665
1207868477616424811996601530801383067121445753365774524747019856137653412051887660470204015008211570
46498909336263412327363751877168720521522265956967749827446232704469716241153111275886423093877
6822073789614043733811104457982075052652653909587410080202639206885643641662114415844593162174587830
8435861676544706147576689995411024075858906807879365763428835617056203433497270739529352971122390576
9801926069867612677683019467048363582856567937931584376398195201654429319999276064811562
4555844891619708659540111671956409145865522959145781613805455809431168898106829074914376947845539985
26629214211732264853322267196837041797704668436805533893960179659550186312864097101678666425824
8261247048465227707854213760214570084674865865122841629916233147330663849323413737570971166437068141
401558432099179254914806952013158985843376149366831419374747510296263127957974897402432064056204
3626952365931829545495174617641812853985247283088135558669804579528523856679829047867310323900912201
7012387265185265990447036668805059568841732901535359238973268647618778991136137253031586304
4388661912437065526894
21169492868069319376716413823180503376298665097877171554414210717527046831418632565877999823
3792828089918772421173640153739609278037320869286853949578575530592020751359459881217343308362672893
6670711324458557908351925975685314958529501257786995441805828449858503669307857407664834573566269
4213712466155449378053928592968883618696775677371436993292307962985885431173660582233227947228476070
6222247563379125421697426733667335896710916548205547191247358859427357407566424195779520743515592627
1873344454809617640950876762121095398612279457374552613279635380561
859379212527040955103652322258406346227255187440824401608763779655673382776966601615021334031214
7241474744812322789571210125783053628932233114618289687444525571954593166912660627415854494988738619
455784867953483466024293680685569752627737972230515798875139181472119420893991443430133946
9172021703489621894989185963718443943045729655073210355811502161674719856353373631262446308495790523
556011599426606370331821076637864638057946446954961571428269611482594146897338769945355741646564
9624423931515766159385923568201143683267895038441089930762612418743777783438572795095219291073922549
1990813861965977746845018820843000395673378236176034019867258721348392774167164416650125110961388
7520113197910756203515566394511408327372475976116838779877874379644868366579238427333741072657513839
3681815762554443774360392132068904775792494984667231311400847081949350473461671122785445627190215568
7800112631580767665332982462305217371189424339903084843747270345706944057752633321164312361
5040338289778731092539858986932696894445975202994679600827691220521008358373418857684787891476224162
6027546702640564760432334410029164533549247807790558958594524292069542651634971334756571514679634287
292625848354824917893229341568881033743021434103832175678961857087480520841370174232402697859098855
170499341879662961570987301494985042661558438612299430105344199480474948981179291876722652531290764
5289764216221162439866150799951088255439274586146375480944857856047939272383584378817352103080312145
917175544281585353101095121222469687809592580502932182119672495887824559585283281303652676346390990
292679441025203943792064314946319729990459745382629868042344854928
4302832786628577716449640735137952890734919807440554539235507174539811828769730640239872052466896003
8924952913248583352527320551556050411791887775850370202944975182018535579639648041553480385474047129
354174123712074888352402901174067214954237213627443656789011317928393335984494483
2300977737119574347714204600407172963210818478639565753922004246577537705875801350840360271900817897
6023448852714998703891287747773236234377528566786341205767839280685958462764475
476934171039803538944598575013629589459756854176664927481900301947442497415616238249185218839425
3767947352203552400097841635341400882208534182291028733822435139854532702032852419050276065105426275
2182037763775214519028575166538183462462600759963514412436326455203367961034131356258045605182450
7100580748511804394588931670294050275792817432572665106886307386335913276059991569829751639542391188
816396776166202934547146814371658369619427736698629716793244702552684107086582435775625861545
7614916102645011028194855628095049990493375983688040510561913037964861108111324524547577257247684561
111934430758056218812855871861270771526180644865342333436232890643879250407553813260659219859718659
63871753426859690855353509767286616693677925202326523388587109971696603524184258044526218172232995
4573245238198505106323547142573728586498498223527299984586255912663817306903585075710672008252777580
98993203854746838621700128447465152572098352683196274946063784603729262863365492275347730835096
23692863666686942520520678967973017283510063450366131908427009314143340003534797769812278105039071
4910480074129736662517778493477442783522908901205770356581768989057431638882262853515149488658112116
1474557870162045902427066366519054380054516034757930862842648238859914361683393102453474312692
93468962072639148949641451795510952662502532137281831928229464578934343279123273871539484956081126
588029437141919533128119386091216945165371439302733923453290186471853641480672539487719111
3569977881398014023165747380398961767547239129475769744394456068353616538889909564289730786775478052
9625959297512222998182137385602261920755702882579159753166149554278091964570116888756353155
9647254145377427668060520198215809337187